V 54
K 1
D 0 -4826000 4572000 2286000
Y 1
U 4191000 2286000 254000 0 2 3 REFDES=IC?
U 4191000 2032000 254000 0 2 3 DEVICE=nRF52833-QDAA-R
U 4191000 1778000 254000 0 2 0 PKG_TYPE=QFN40P500X500X90-41N
U 4191000 1524000 254000 0 2 0 Description=RF System on a Chip - SoC nRF52833-QDAA QFN 40L 5x5
U 4191000 1270000 254000 0 2 0 Datasheet Link=https://infocenter.nordicsemi.com/pdf/nRF52833_PS_v1.3.pdf
U 4191000 1016000 254000 0 2 0 Height=0.9
U 4191000 762000 254000 0 2 0 Mouser Part Number=949-NRF52833-QDAA-R
U 4191000 508000 254000 0 2 0 Mouser Price/Stock=https://www.mouser.co.uk/ProductDetail/Nordic-Semiconductor/nRF52833-QDAA-R?qs=xZ%2FP%252Ba9zWqYrk%252Bfy26NOZQ%3D%3D
U 4191000 254000 254000 0 2 0 Manufacturer_Name=Nordic Semiconductor
U 4191000 0 254000 0 2 0 Manufacturer_Part_Number=nRF52833-QDAA-R
U 0 0 254000 0 1 0 FORWARD_PCB=1
l 5 508000 1778000 4064000 1778000 4064000 -4318000 508000 -4318000 508000 1778000
|GRPHSTL -1 -1 -1 1
P 1 0 0 508000 0 0 2 0
L 584200 0 228600 0 2 0 1 0 DEC1
A 355600 50800 203200 0 9 3 #=1
A 0 0 9 0 3 0 PINTYPE=BI
P 2 0 -254000 508000 -254000 0 2 0
L 584200 -254000 228600 0 2 0 1 0 P0.00/XL1
A 355600 -203200 203200 0 9 3 #=2
A 0 0 9 0 3 0 PINTYPE=BI
P 3 0 -508000 508000 -508000 0 2 0
L 584200 -508000 228600 0 2 0 1 0 P0.01/XL2
A 355600 -457200 203200 0 9 3 #=3
A 0 0 9 0 3 0 PINTYPE=BI
P 4 0 -762000 508000 -762000 0 2 0
L 584200 -762000 228600 0 2 0 1 0 P0.04/AIN2
A 355600 -711200 203200 0 9 3 #=4
A 0 0 9 0 3 0 PINTYPE=BI
P 5 0 -1016000 508000 -1016000 0 2 0
L 584200 -1016000 228600 0 2 0 1 0 P0.05/AIN3
A 355600 -965200 203200 0 9 3 #=5
A 0 0 9 0 3 0 PINTYPE=BI
P 6 0 -1270000 508000 -1270000 0 2 0
L 584200 -1270000 228600 0 2 0 1 0 P1.09
A 355600 -1219200 203200 0 9 3 #=6
A 0 0 9 0 3 0 PINTYPE=BI
P 7 0 -1524000 508000 -1524000 0 2 0
L 584200 -1524000 228600 0 2 0 1 0 P0.11
A 355600 -1473200 203200 0 9 3 #=7
A 0 0 9 0 3 0 PINTYPE=BI
P 8 0 -1778000 508000 -1778000 0 2 0
L 584200 -1778000 228600 0 2 0 1 0 VDD_1
A 355600 -1727200 203200 0 9 3 #=8
A 0 0 9 0 3 0 PINTYPE=BI
P 9 0 -2032000 508000 -2032000 0 2 0
L 584200 -2032000 228600 0 2 0 1 0 VDDH
A 355600 -1981200 203200 0 9 3 #=9
A 0 0 9 0 3 0 PINTYPE=BI
P 10 0 -2286000 508000 -2286000 0 2 0
L 584200 -2286000 228600 0 2 0 1 0 VBUS
A 355600 -2235200 203200 0 9 3 #=10
A 0 0 9 0 3 0 PINTYPE=BI
P 11 1016000 -4826000 1016000 -4318000 0 1 0
L 1016000 -4241800 228600 1 2 0 1 0 DECUSB
A 965200 -4470400 203200 1 9 3 #=11
A 0 0 9 0 3 0 PINTYPE=BI
P 12 1270000 -4826000 1270000 -4318000 0 1 0
L 1270000 -4241800 228600 1 2 0 1 0 D-
A 1219200 -4470400 203200 1 9 3 #=12
A 0 0 9 0 3 0 PINTYPE=BI
P 13 1524000 -4826000 1524000 -4318000 0 1 0
L 1524000 -4241800 228600 1 2 0 1 0 D+
A 1473200 -4470400 203200 1 9 3 #=13
A 0 0 9 0 3 0 PINTYPE=BI
P 14 1778000 -4826000 1778000 -4318000 0 1 0
L 1778000 -4241800 228600 1 2 0 1 0 P0.15
A 1727200 -4470400 203200 1 9 3 #=14
A 0 0 9 0 3 0 PINTYPE=BI
P 15 2032000 -4826000 2032000 -4318000 0 1 0
L 2032000 -4241800 228600 1 2 0 1 0 P0.17
A 1981200 -4470400 203200 1 9 3 #=15
A 0 0 9 0 3 0 PINTYPE=BI
P 16 2286000 -4826000 2286000 -4318000 0 1 0
L 2286000 -4241800 228600 1 2 0 1 0 P0.18/NRESET
A 2235200 -4470400 203200 1 9 3 #=16
A 0 0 9 0 3 0 PINTYPE=BI
P 17 2540000 -4826000 2540000 -4318000 0 1 0
L 2540000 -4241800 228600 1 2 0 1 0 P0.20
A 2489200 -4470400 203200 1 9 3 #=17
A 0 0 9 0 3 0 PINTYPE=BI
P 18 2794000 -4826000 2794000 -4318000 0 1 0
L 2794000 -4241800 228600 1 2 0 1 0 VDD_2
A 2743200 -4470400 203200 1 9 3 #=18
A 0 0 9 0 3 0 PINTYPE=BI
P 19 3048000 -4826000 3048000 -4318000 0 1 0
L 3048000 -4241800 228600 1 2 0 1 0 SWDIO
A 2997200 -4470400 203200 1 9 3 #=19
A 0 0 9 0 3 0 PINTYPE=BI
P 20 3302000 -4826000 3302000 -4318000 0 1 0
L 3302000 -4241800 228600 1 2 0 1 0 SWDCLK
A 3251200 -4470400 203200 1 9 3 #=20
A 0 0 9 0 3 0 PINTYPE=BI
P 21 4572000 0 4064000 0 0 3 0
L 3987800 0 228600 0 8 0 1 0 VDD_3
A 4216400 50800 203200 0 3 3 #=30
A 0 0 9 0 3 0 PINTYPE=BI
P 22 4572000 -254000 4064000 -254000 0 3 0
L 3987800 -254000 228600 0 8 0 1 0 XC2
A 4216400 -203200 203200 0 3 3 #=29
A 0 0 9 0 3 0 PINTYPE=BI
P 23 4572000 -508000 4064000 -508000 0 3 0
L 3987800 -508000 228600 0 8 0 1 0 XC1
A 4216400 -457200 203200 0 3 3 #=28
A 0 0 9 0 3 0 PINTYPE=BI
P 24 4572000 -762000 4064000 -762000 0 3 0
L 3987800 -762000 228600 0 8 0 1 0 DEC3
A 4216400 -711200 203200 0 3 3 #=27
A 0 0 9 0 3 0 PINTYPE=BI
P 25 4572000 -1016000 4064000 -1016000 0 3 0
L 3987800 -1016000 228600 0 8 0 1 0 DEC6
A 4216400 -965200 203200 0 3 3 #=26
A 0 0 9 0 3 0 PINTYPE=BI
P 26 4572000 -1270000 4064000 -1270000 0 3 0
L 3987800 -1270000 228600 0 8 0 1 0 VSS_PA
A 4216400 -1219200 203200 0 3 3 #=25
A 0 0 9 0 3 0 PINTYPE=BI
P 27 4572000 -1524000 4064000 -1524000 0 3 0
L 3987800 -1524000 228600 0 8 0 1 0 ANT
A 4216400 -1473200 203200 0 3 3 #=24
A 0 0 9 0 3 0 PINTYPE=BI
P 28 4572000 -1778000 4064000 -1778000 0 3 0
L 3987800 -1778000 228600 0 8 0 1 0 P0.10/NFC2
A 4216400 -1727200 203200 0 3 3 #=23
A 0 0 9 0 3 0 PINTYPE=BI
P 29 4572000 -2032000 4064000 -2032000 0 3 0
L 3987800 -2032000 228600 0 8 0 1 0 P0.09/NFC1
A 4216400 -1981200 203200 0 3 3 #=22
A 0 0 9 0 3 0 PINTYPE=BI
P 30 4572000 -2286000 4064000 -2286000 0 3 0
L 3987800 -2286000 228600 0 8 0 1 0 DEC5
A 4216400 -2235200 203200 0 3 3 #=21
A 0 0 9 0 3 0 PINTYPE=BI
P 31 1016000 2286000 1016000 1778000 0 0 0
L 1016000 1701800 228600 1 8 0 1 0 VSS_2
A 965200 1930400 203200 1 3 3 #=41
A 0 0 9 0 3 0 PINTYPE=BI
P 32 1270000 2286000 1270000 1778000 0 0 0
L 1270000 1701800 228600 1 8 0 1 0 VDD_4
A 1219200 1930400 203200 1 3 3 #=40
A 0 0 9 0 3 0 PINTYPE=BI
P 33 1524000 2286000 1524000 1778000 0 0 0
L 1524000 1701800 228600 1 8 0 1 0 DCC
A 1473200 1930400 203200 1 3 3 #=39
A 0 0 9 0 3 0 PINTYPE=BI
P 34 1778000 2286000 1778000 1778000 0 0 0
L 1778000 1701800 228600 1 8 0 1 0 DEC4
A 1727200 1930400 203200 1 3 3 #=38
A 0 0 9 0 3 0 PINTYPE=BI
P 35 2032000 2286000 2032000 1778000 0 0 0
L 2032000 1701800 228600 1 8 0 1 0 VSS_1
A 1981200 1930400 203200 1 3 3 #=37
A 0 0 9 0 3 0 PINTYPE=BI
P 36 2286000 2286000 2286000 1778000 0 0 0
L 2286000 1701800 228600 1 8 0 1 0 P0.31/AIN7
A 2235200 1930400 203200 1 3 3 #=36
A 0 0 9 0 3 0 PINTYPE=BI
P 37 2540000 2286000 2540000 1778000 0 0 0
L 2540000 1701800 228600 1 8 0 1 0 P0.30/AIN6
A 2489200 1930400 203200 1 3 3 #=35
A 0 0 9 0 3 0 PINTYPE=BI
P 38 2794000 2286000 2794000 1778000 0 0 0
L 2794000 1701800 228600 1 8 0 1 0 P0.29/AIN5
A 2743200 1930400 203200 1 3 3 #=34
A 0 0 9 0 3 0 PINTYPE=BI
P 39 3048000 2286000 3048000 1778000 0 0 0
L 3048000 1701800 228600 1 8 0 1 0 P0.28/AIN4
A 2997200 1930400 203200 1 3 3 #=33
A 0 0 9 0 3 0 PINTYPE=BI
P 40 3302000 2286000 3302000 1778000 0 0 0
L 3302000 1701800 228600 1 8 0 1 0 P0.02/AIN0
A 3251200 1930400 203200 1 3 3 #=32
A 0 0 9 0 3 0 PINTYPE=BI
P 41 3556000 2286000 3556000 1778000 0 0 0
L 3556000 1701800 228600 1 8 0 1 0 P0.03/AIN1
A 3505200 1930400 203200 1 3 3 #=31
A 0 0 9 0 3 0 PINTYPE=BI
E
